		Temp	Hi	Low	Out	Dew	Wind	Wind	Wind	Hi	Hi	Wind	Heat	THW	THSW			Rain	Solar	Solar	Hi Solar	Heat	Cool	In 	In	In 	In 	In 	In Air		Wind	Wind	ISS 	Arc.
Date	Time	Out	Temp	Temp	Hum	Pt.	Speed	Dir	Run	Speed	Dir	Chill	Index	Index	Index	Bar  	Rain	Rate	Rad.	Energy	Rad. 	D-D 	D-D 	Temp	Hum	Dew	Heat	EMC	Density	ET 	Samp	Tx 	Recept	Int.
01/03/22	0:30	10.1	10.2	10.0	67	4.3	3.2	SSE	1.61	8.0	SSE	10.1	9.8	9.8	---	1026.9	0.00	0.0	0	0.00	0	0.171	0.000	23.5	31	5.4	22.5	6.26	1.1961	0.00	691	1	100.0	30
01/03/22	1:00	9.9	10.2	9.9	68	4.3	3.2	SSE	1.61	8.0	SSE	9.9	9.6	9.6	---	1026.9	0.00	0.0	0	0.00	0	0.176	0.000	23.4	31	5.3	22.4	6.27	1.1963	0.00	690	1	100.0	30
01/03/22	1:30	9.6	9.9	9.6	68	4.0	1.6	SSE	0.80	11.3	SE	9.6	9.3	9.3	---	1026.8	0.00	0.0	0	0.00	0	0.182	0.000	23.4	30	4.8	22.3	6.09	1.1968	0.00	693	1	100.0	30
01/03/22	2:00	9.5	9.7	9.5	68	3.9	1.6	SSE	0.80	8.0	SSE	9.5	9.2	9.2	---	1026.7	0.00	0.0	0	0.00	0	0.184	0.000	23.3	30	4.8	22.2	6.09	1.1969	0.00	693	1	100.0	30
01/03/22	2:30	9.4	9.5	9.4	68	3.8	1.6	SSE	0.80	8.0	SSE	9.4	9.2	9.2	---	1026.4	0.00	0.0	0	0.00	0	0.185	0.000	23.3	30	4.7	22.2	6.09	1.1968	0.00	692	1	100.0	30
01/03/22	3:00	9.3	9.4	9.3	69	3.9	3.2	SSE	1.61	8.0	SSE	9.3	9.0	9.0	---	1026.3	0.00	0.0	0	0.00	0	0.189	0.000	23.2	30	4.7	22.1	6.10	1.1969	0.00	695	1	100.0	30
01/03/22	3:30	9.2	9.3	9.2	71	4.2	1.6	SSE	0.80	8.0	SE	9.2	9.0	9.0	---	1026.2	0.00	0.0	0	0.00	0	0.190	0.000	23.2	30	4.7	22.1	6.10	1.1969	0.00	694	1	100.0	30
01/03/22	4:00	9.1	9.2	9.1	71	4.1	1.6	SSE	0.80	6.4	S	9.1	8.8	8.8	---	1026.1	0.00	0.0	0	0.00	0	0.193	0.000	23.1	30	4.6	21.9	6.11	1.1973	0.00	696	1	100.0	30
01/03/22	4:30	8.9	9.1	8.9	73	4.4	1.6	SSE	0.80	6.4	SSE	8.9	8.7	8.7	---	1025.8	0.00	0.0	0	0.00	0	0.196	0.000	23.1	31	5.0	22.0	6.28	1.1966	0.00	691	1	100.0	30
01/03/22	5:00	8.9	8.9	8.8	73	4.3	1.6	SSE	0.80	3.2	SSE	8.9	8.7	8.7	---	1025.9	0.00	0.0	0	0.00	0	0.197	0.000	23.1	31	5.0	21.9	6.28	1.1969	0.00	694	1	100.0	30
01/03/22	5:30	8.9	8.9	8.8	74	4.5	3.2	SSE	1.61	8.0	SSE	8.9	8.7	8.7	---	1025.6	0.00	0.0	0	0.00	0	0.197	0.000	23.0	31	5.0	21.9	6.28	1.1969	0.00	690	1	100.0	30
01/03/22	6:00	8.7	8.9	8.7	75	4.5	1.6	SSE	0.80	6.4	SSE	8.7	8.6	8.6	---	1025.9	0.00	0.0	0	0.00	0	0.200	0.000	23.0	31	5.0	21.9	6.28	1.1972	0.00	691	1	100.0	30
01/03/22	6:30	8.6	8.8	8.5	75	4.4	0.0	SSE	0.00	4.8	SSE	8.6	8.4	8.4	---	1025.9	0.00	0.0	0	0.00	0	0.204	0.000	22.9	31	4.9	21.8	6.28	1.1974	0.00	694	1	100.0	30
01/03/22	7:00	8.3	8.5	8.3	75	4.2	1.6	SSE	0.80	4.8	SSE	8.3	8.2	8.2	---	1025.9	0.00	0.0	0	0.00	0	0.208	0.000	22.9	31	4.9	21.7	6.29	1.1977	0.00	700	1	100.0	30
01/03/22	7:30	8.3	8.3	8.2	74	3.9	1.6	SSE	0.80	6.4	SSE	8.3	8.1	8.1	---	1025.9	0.00	0.0	0	0.00	0	0.209	0.000	22.8	31	4.8	21.7	6.29	1.1980	0.00	687	1	100.0	30
01/03/22	8:00	8.4	8.4	8.3	73	3.9	4.8	SSE	2.41	11.3	SE	8.1	8.2	7.8	---	1026.0	0.00	0.0	4	0.17	12	0.206	0.000	22.8	31	4.8	21.7	6.29	1.1980	0.00	680	1	99.4	30
01/03/22	8:30	8.6	8.7	8.4	72	3.8	4.8	SSE	2.41	12.9	SE	8.2	8.4	8.0	---	1025.9	0.00	0.0	24	1.03	33	0.203	0.000	22.8	31	4.8	21.7	6.29	1.1980	0.00	638	1	93.3	30
01/03/22	9:00	8.8	8.8	8.6	71	3.8	6.4	SSE	3.22	14.5	SSE	8.0	8.5	7.7	---	1026.0	0.00	0.0	43	1.85	49	0.199	0.000	22.8	31	4.8	21.7	6.29	1.1981	0.03	566	1	82.7	30
01/03/22	9:30	---	8.8	8.7	---	---	6.4	SSE	3.22	12.9	SE	---	---	---	---	1026.1	0.00	0.0	---	---	---	---	---	23.3	31	5.2	22.3	6.27	1.1959	0.00	51	1	7.5	30
01/03/22	10:00	9.6	9.7	9.1	70	4.4	4.8	SSE	2.41	12.9	SE	9.4	9.4	9.2	---	1026.4	0.00	0.0	98	4.21	113	0.182	0.000	23.6	32	5.9	22.7	6.46	1.1946	0.08	308	1	45.0	30
01/03/22	10:30	---	9.9	9.7	---	---	4.8	SSE	2.41	9.7	S	---	---	---	---	1026.4	0.00	0.0	100	4.30	102	---	---	24.2	31	6.0	23.2	6.24	1.1923	0.00	105	1	15.4	30
01/03/22	11:00	11.7	11.7	11.5	66	5.5	4.8	SSE	2.41	9.7	SE	11.7	11.2	11.2	---	1026.3	0.00	0.0	221	9.50	221	0.139	0.000	24.2	32	6.5	23.3	6.44	1.1916	0.10	70	1	10.2	30
01/03/22	11:30	12.3	12.3	11.7	65	5.9	4.8	SSE	2.41	14.5	SE	12.3	11.7	11.7	---	1026.1	0.00	0.0	193	8.30	214	0.126	0.000	24.4	32	6.6	23.5	6.43	1.1906	0.00	646	1	94.4	30
01/03/22	12:00	13.5	13.5	12.3	64	6.8	3.2	SSE	1.61	12.9	SE	13.5	12.8	12.8	---	1025.8	0.00	0.0	260	11.18	281	0.101	0.000	24.7	32	6.9	23.8	6.42	1.1886	0.15	679	1	99.3	30
01/03/22	12:30	14.3	14.3	13.5	62	7.1	4.8	S	2.41	14.5	SSE	14.3	13.6	13.6	---	1025.5	0.00	0.0	289	12.43	308	0.083	0.000	24.8	32	7.0	23.9	6.42	1.1878	0.00	674	1	98.5	30
01/03/22	13:00	14.7	14.8	14.3	61	7.2	6.4	SSE	3.22	14.5	S	14.7	13.9	13.9	---	1025.3	0.00	0.0	329	14.15	338	0.076	0.000	24.8	32	7.0	23.9	6.42	1.1878	0.20	697	1	100.0	30
01/03/22	13:30	14.9	15.1	14.7	60	7.2	6.4	SSE	3.22	14.5	SE	14.9	14.2	14.2	---	1024.8	0.00	0.0	300	12.90	334	0.071	0.000	24.7	32	6.9	23.8	6.42	1.1875	0.00	694	1	100.0	30
01/03/22	14:00	15.6	15.6	14.9	59	7.6	6.4	SSE	3.22	16.1	ESE	15.6	14.8	14.8	---	1024.5	0.00	0.0	339	14.58	401	0.057	0.000	24.9	33	7.5	24.0	6.55	1.1860	0.23	656	1	95.9	30
01/03/22	14:30	16.8	16.8	15.6	56	7.9	6.4	SSE	3.22	16.1	SSE	16.8	15.9	15.9	---	1024.2	0.00	0.0	424	18.23	599	0.032	0.000	25.1	33	7.7	24.2	6.55	1.1846	0.00	694	1	100.0	30
01/03/22	15:00	15.9	16.9	15.9	58	7.6	6.4	SSE	3.22	19.3	SE	15.9	15.1	15.1	---	1024.0	0.00	0.0	319	13.72	631	0.051	0.000	25.3	33	7.8	24.3	6.55	1.1836	0.25	688	1	100.0	30
01/03/22	15:30	15.7	15.9	15.7	58	7.4	6.4	SSE	3.22	17.7	ESE	15.7	14.8	14.8	---	1023.5	0.00	0.0	169	7.27	207	0.056	0.000	25.4	33	8.0	24.5	6.55	1.1823	0.00	688	1	100.0	30
01/03/22	16:00	15.9	15.9	15.6	57	7.4	4.8	SSE	2.41	17.7	SE	15.9	15.0	15.0	---	1023.4	0.00	0.0	137	5.89	148	0.051	0.000	25.5	33	8.0	24.6	6.55	1.1818	0.13	677	1	99.0	30
01/03/22	16:30	---	15.9	15.8	---	---	3.2	SSE	1.61	11.3	SE	---	---	---	---	1023.2	0.00	0.0	131	5.63	134	---	---	26.2	33	8.7	25.3	6.55	1.1782	0.00	323	1	47.2	30
01/03/22	17:00	15.6	15.7	15.6	54	6.3	6.4	SSE	3.22	14.5	SE	15.6	14.6	14.6	---	1023.2	0.00	0.0	78	3.35	84	0.058	0.000	25.9	32	8.0	24.9	6.38	1.1799	0.10	121	1	17.7	30
01/03/22	17:30	15.4	15.6	15.4	54	6.1	4.8	SSE	2.41	16.1	SE	15.4	14.4	14.4	---	1023.1	0.00	0.0	50	2.15	70	0.061	0.000	25.8	32	7.9	24.8	6.38	1.1803	0.00	477	1	69.7	30
01/03/22	18:00	15.3	15.4	15.3	55	6.3	4.8	SSE	2.41	12.9	SE	15.3	14.3	14.3	---	1023.0	0.00	0.0	29	1.25	47	0.064	0.000	26.1	32	8.1	25.1	6.37	1.1791	0.05	512	1	74.9	30
01/03/22	18:30	15.0	15.3	14.9	57	6.5	3.2	SSE	1.61	11.3	SE	15.0	14.1	14.1	---	1022.9	0.00	0.0	3	0.13	11	0.069	0.000	25.6	32	7.6	24.6	6.39	1.1813	0.00	489	1	71.5	30
01/03/22	19:00	14.5	15.0	14.5	56	5.8	3.2	SE	1.61	11.3	SE	14.5	13.6	13.6	---	1022.9	0.00	0.0	0	0.00	0	0.080	0.000	25.3	32	7.4	24.3	6.40	1.1827	0.03	554	1	81.0	30
01/03/22	19:30	14.1	14.5	14.1	56	5.5	4.8	SE	2.41	11.3	SE	14.1	13.2	13.2	---	1023.1	0.00	0.0	0	0.00	0	0.088	0.000	25.1	32	7.2	24.2	6.41	1.1839	0.00	567	1	82.9	30
01/03/22	20:00	13.8	14.2	13.8	56	5.2	4.8	SSE	2.41	14.5	ESE	13.8	12.9	12.9	---	1023.1	0.00	0.0	0	0.00	0	0.094	0.000	24.8	32	7.0	23.9	6.42	1.1852	0.03	693	1	100.0	30
01/03/22	20:30	13.6	13.8	13.6	56	4.9	3.2	SSE	1.61	12.9	ESE	13.6	12.7	12.7	---	1023.1	0.00	0.0	0	0.00	0	0.100	0.000	24.6	31	6.4	23.7	6.22	1.1864	0.00	692	1	100.0	30
01/03/22	21:00	13.2	13.6	13.2	57	4.9	4.8	SSE	2.41	12.9	SSE	13.2	12.4	12.4	---	1022.9	0.00	0.0	0	0.00	0	0.106	0.000	24.5	31	6.3	23.6	6.23	1.1867	0.03	694	1	100.0	30
01/03/22	21:30	12.9	13.2	12.9	57	4.6	4.8	SSE	2.41	12.9	SE	12.9	12.1	12.1	---	1023.0	0.00	0.0	0	0.00	0	0.112	0.000	24.4	30	5.7	23.4	6.05	1.1877	0.00	691	1	100.0	30
01/03/22	22:00	12.8	13.0	12.8	56	4.3	4.8	SSE	2.41	11.3	SE	12.8	12.0	12.0	---	1022.9	0.00	0.0	0	0.00	0	0.115	0.000	24.3	30	5.6	23.4	6.05	1.1878	0.03	696	1	100.0	30
01/03/22	22:30	12.7	12.8	12.7	55	3.9	4.8	SSE	2.41	14.5	SE	12.7	11.8	11.8	---	1022.8	0.00	0.0	0	0.00	0	0.118	0.000	24.2	30	5.5	23.3	6.05	1.1882	0.00	691	1	100.0	30
01/03/22	23:00	12.4	12.7	12.4	55	3.6	3.2	SSE	1.61	12.9	SE	12.4	11.6	11.6	---	1022.6	0.00	0.0	0	0.00	0	0.123	0.000	24.2	30	5.5	23.2	6.05	1.1882	0.03	694	1	100.0	30
01/03/22	23:30	12.2	12.4	12.2	56	3.7	1.6	SSE	0.80	8.0	SSE	12.2	11.4	11.4	---	1022.5	0.00	0.0	0	0.00	0	0.127	0.000	24.2	29	5.0	23.2	5.85	1.1884	0.00	690	1	100.0	30
02/03/22	00:00	11.9	12.2	11.9	56	3.4	4.8	SE	2.41	9.7	SSE	11.9	11.2	11.2	---	1022.3	0.00	0.0	0	0.00	0	0.133	0.000	24.1	29	4.9	23.1	5.85	1.1887	0.03	695	1	100.0	30
02/03/22	0:30	11.8	12.0	11.8	56	3.3	3.2	SSE	1.61	8.0	SSE	11.8	11.0	11.0	---	1022.0	0.00	0.0	0	0.00	0	0.137	0.000	24.0	29	4.9	23.0	5.85	1.1887	0.00	692	1	100.0	30
02/03/22	1:00	11.5	11.8	11.5	57	3.3	3.2	SSE	1.61	8.0	SSE	11.5	10.8	10.8	---	1021.8	0.00	0.0	0	0.00	0	0.142	0.000	23.9	29	4.8	22.9	5.85	1.1887	0.03	696	1	100.0	30
02/03/22	1:30	11.3	11.6	11.3	58	3.4	3.2	SE	1.61	11.3	SE	11.3	10.7	10.7	---	1021.5	0.00	0.0	0	0.00	0	0.146	0.000	23.9	29	4.8	22.8	5.85	1.1885	0.00	690	1	100.0	30
02/03/22	2:00	11.2	11.3	11.2	58	3.2	4.8	SSE	2.41	17.7	SSE	11.1	10.5	10.4	---	1021.2	0.00	0.0	0	0.00	0	0.149	0.000	23.8	28	4.2	22.8	5.66	1.1889	0.03	695	1	100.0	30
02/03/22	2:30	10.9	11.2	10.9	59	3.2	4.8	SE	2.41	17.7	SE	10.8	10.3	10.2	---	1020.8	0.00	0.0	0	0.00	0	0.155	0.000	23.8	28	4.2	22.8	5.66	1.1883	0.00	688	1	100.0	30
02/03/22	3:00	10.7	10.9	10.7	60	3.2	6.4	SE	3.22	14.5	SE	10.1	10.2	9.6	---	1020.6	0.00	0.0	0	0.00	0	0.160	0.000	23.8	28	4.2	22.7	5.66	1.1883	0.03	688	1	100.0	30
02/03/22	3:30	10.6	10.7	10.5	60	3.1	6.4	SE	3.22	14.5	SE	10.0	10.1	9.5	---	1020.2	0.00	0.0	0	0.00	0	0.162	0.000	23.7	28	4.1	22.6	5.67	1.1882	0.00	688	1	100.0	30
02/03/22	4:00	10.3	10.6	10.3	61	3.1	6.4	SE	3.22	16.1	SSE	9.7	9.8	9.3	---	1020.1	0.00	0.0	0	0.00	0	0.168	0.000	23.7	28	4.1	22.6	5.67	1.1882	0.03	693	1	100.0	30
02/03/22	4:30	10.0	10.3	10.0	61	2.8	4.8	SE	2.41	12.9	SE	9.8	9.6	9.4	---	1019.8	0.00	0.0	0	0.00	0	0.174	0.000	23.6	28	4.0	22.5	5.68	1.1882	0.00	692	1	100.0	30
02/03/22	5:00	9.8	10.0	9.8	61	2.7	3.2	SSE	1.61	12.9	ESE	9.8	9.4	9.4	---	1019.8	0.00	0.0	0	0.00	0	0.177	0.000	23.6	28	4.0	22.4	5.69	1.1885	0.03	695	1	100.0	30
02/03/22	5:30	9.6	9.8	9.6	63	2.9	4.8	SE	2.41	14.5	SSE	9.3	9.2	8.9	---	1019.8	0.00	0.0	0	0.00	0	0.183	0.000	23.5	28	3.9	22.3	5.69	1.1887	0.00	692	1	100.0	30
02/03/22	6:00	9.3	9.6	9.3	63	2.6	4.8	SE	2.41	12.9	ESE	9.1	8.9	8.7	---	1019.6	0.00	0.0	0	0.00	0	0.188	0.000	23.4	28	3.9	22.3	5.70	1.1887	0.03	693	1	100.0	30
02/03/22	6:30	9.2	9.3	9.2	64	2.7	3.2	SE	1.61	12.9	ESE	9.2	8.8	8.8	---	1019.4	0.00	0.0	0	0.00	0	0.191	0.000	23.4	28	3.9	22.3	5.70	1.1885	0.00	689	1	100.0	30
02/03/22	7:00	8.9	9.2	8.9	65	2.7	3.2	SE	1.61	8.0	SE	8.9	8.6	8.6	---	1019.3	0.00	0.0	0	0.00	0	0.196	0.000	23.4	28	3.8	22.2	5.70	1.1886	0.03	695	1	100.0	30
02/03/22	7:30	8.7	9.0	8.7	66	2.7	3.2	SE	1.61	9.7	ESE	8.7	8.3	8.3	---	1019.4	0.00	0.0	0	0.00	0	0.200	0.000	23.3	28	3.8	22.1	5.71	1.1890	0.00	693	1	100.0	30
02/03/22	8:00	8.7	8.8	8.6	66	2.7	1.6	SE	0.80	6.4	ESE	8.7	8.3	8.3	---	1019.6	0.00	0.0	8	0.34	14	0.201	0.000	23.3	28	3.7	22.1	5.72	1.1895	0.03	694	1	100.0	30
02/03/22	8:30	8.7	8.7	8.6	67	2.9	1.6	ESE	0.80	6.4	SE	8.7	8.3	8.3	---	1019.7	0.00	0.0	16	0.69	18	0.201	0.000	23.3	28	3.7	22.1	5.72	1.1896	0.00	691	1	100.0	30
02/03/22	9:00	8.8	8.8	8.6	68	3.2	0.0	ESE	0.00	4.8	ESE	8.8	8.5	8.5	---	1019.8	0.00	0.0	24	1.03	39	0.198	0.000	23.6	29	4.5	22.4	5.87	1.1881	0.03	471	1	68.9	30
02/03/22	9:30	9.0	9.1	8.8	69	3.6	0.0	E	0.00	4.8	E	9.0	8.7	8.7	---	1020.0	0.00	0.0	60	2.58	65	0.194	0.000	23.9	29	4.8	22.8	5.85	1.1868	0.00	282	1	41.2	30
02/03/22	10:00	---	9.0	9.0	---	---	0.0	E	0.00	3.2	E	---	---	---	---	1020.1	0.00	0.0	---	---	---	---	---	24.3	29	5.1	23.3	5.85	1.1849	0.00	14	1	2.0	30
02/03/22	10:30	---	---	---	---	---	0.0	---	0.00	0.0	---	---	---	---	---	1020.2	0.00	0.0	---	---	---	---	---	24.6	30	5.8	23.6	6.05	1.1836	0.00	0	1	0.0	30
02/03/22	11:00	10.3	10.3	9.8	69	4.8	1.6	S	0.80	6.4	S	10.3	10.0	10.0	---	1019.9	0.00	0.0	208	8.95	209	0.168	0.000	24.7	30	6.0	23.8	6.05	1.1826	0.05	334	1	48.8	30
02/03/22	11:30	10.7	10.7	10.3	70	5.4	3.2	SSE	1.61	8.0	SW	10.7	10.3	10.3	---	1019.9	0.00	0.0	243	10.45	260	0.160	0.000	24.9	30	6.1	23.9	6.05	1.1817	0.00	497	1	72.7	30
02/03/22	12:00	11.5	11.6	10.7	69	6.0	3.2	SSE	1.61	8.0	SSE	11.5	11.1	11.1	---	1019.8	0.00	0.0	303	13.03	355	0.142	0.000	25.1	30	6.3	24.2	6.05	1.1806	0.15	658	1	96.2	30
02/03/22	12:30	11.8	11.8	11.4	69	6.3	3.2	SSE	1.61	9.7	SSE	11.8	11.4	11.4	---	1019.8	0.00	0.0	295	12.69	434	0.135	0.000	25.1	31	6.7	24.1	6.21	1.1804	0.00	683	1	99.9	30
02/03/22	13:00	12.1	12.2	11.8	69	6.5	1.6	SSE	0.80	9.7	ESE	12.1	11.6	11.6	---	1019.5	0.00	0.0	219	9.42	274	0.131	0.000	24.9	31	6.6	24.0	6.21	1.1807	0.15	697	1	100.0	30
02/03/22	13:30	12.7	12.7	12.1	68	6.9	1.6	SSW	0.80	6.4	SW	12.7	12.2	12.2	---	1019.3	0.00	0.0	278	11.96	316	0.118	0.000	24.9	31	6.6	23.9	6.21	1.1807	0.00	692	1	100.0	30
02/03/22	14:00	12.6	12.9	12.6	69	7.1	3.2	S	1.61	8.0	SSE	12.6	12.1	12.1	---	1019.2	0.00	0.0	230	9.89	251	0.119	0.000	24.8	32	7.0	23.9	6.42	1.1804	0.15	697	1	100.0	30
02/03/22	14:30	12.8	12.8	12.6	70	7.5	3.2	SSE	1.61	9.7	SSE	12.8	12.4	12.4	---	1019.1	0.00	0.0	245	10.54	258	0.115	0.000	24.8	32	7.0	23.9	6.42	1.1804	0.00	687	1	100.0	30
02/03/22	15:00	13.0	13.1	12.8	71	7.9	3.2	SSE	1.61	11.3	SE	13.0	12.6	12.6	---	1019.3	0.00	0.0	239	10.28	258	0.111	0.000	24.9	33	7.5	24.0	6.55	1.1799	0.15	691	1	100.0	30
02/03/22	15:30	13.3	13.3	13.0	70	7.9	3.2	S	1.61	9.7	SW	13.3	12.8	12.8	---	1019.2	0.00	0.0	203	8.73	232	0.105	0.000	24.9	33	7.5	24.0	6.55	1.1798	0.00	689	1	100.0	30
02/03/22	16:00	12.7	13.3	12.7	73	8.0	4.8	SW	2.41	16.1	SW	12.7	12.3	12.3	---	1019.2	0.00	0.0	151	6.49	172	0.117	0.000	24.8	33	7.5	23.9	6.55	1.1800	0.13	694	1	100.0	30
02/03/22	16:30	12.6	12.8	12.5	72	7.7	6.4	SW	3.22	14.5	SSW	12.4	12.2	12.0	---	1019.2	0.00	0.0	132	5.68	141	0.119	0.000	25.1	35	8.5	24.2	6.91	1.1783	0.00	692	1	100.0	30
02/03/22	17:00	12.6	12.7	12.5	74	8.0	4.8	SSW	2.41	12.9	W	12.6	12.2	12.2	---	1019.2	0.00	0.0	89	3.83	111	0.120	0.000	25.2	35	8.6	24.3	6.90	1.1778	0.08	665	1	97.2	30
02/03/22	17:30	12.5	12.6	12.4	75	8.2	4.8	SSW	2.41	16.1	SW	12.5	12.2	12.2	---	1019.2	0.00	0.0	56	2.41	76	0.122	0.000	25.1	35	8.5	24.2	6.91	1.1782	0.00	689	1	100.0	30
02/03/22	18:00	12.4	12.6	12.3	78	8.7	4.8	SSW	2.41	12.9	WSW	12.4	12.2	12.2	---	1019.2	0.00	0.0	15	0.65	30	0.124	0.000	25.1	35	8.5	24.2	6.91	1.1782	0.03	689	1	100.0	30
02/03/22	18:30	11.9	12.4	11.9	81	8.7	6.4	SSW	3.22	14.5	WSW	11.6	11.7	11.4	---	1019.3	0.00	0.0	4	0.17	7	0.134	0.000	24.9	36	8.8	24.2	7.01	1.1786	0.00	696	1	100.0	30
02/03/22	19:00	11.6	11.9	11.6	84	9.0	4.8	SSW	2.41	9.7	SSE	11.6	11.6	11.6	---	1019.4	0.00	0.0	0	0.00	0	0.140	0.000	24.9	36	8.8	24.1	7.01	1.1789	0.00	695	1	100.0	30
02/03/22	19:30	11.2	11.6	11.2	87	9.1	4.8	SSW	2.41	11.3	SW	11.2	11.3	11.2	---	1019.5	0.00	0.0	0	0.00	0	0.148	0.000	24.7	37	9.0	24.0	7.22	1.1794	0.00	695	1	100.0	30
02/03/22	20:00	11.0	11.2	11.0	88	9.1	4.8	SSW	2.41	11.3	SW	10.9	11.1	11.0	---	1019.4	0.00	0.0	0	0.00	0	0.153	0.000	24.6	37	8.9	23.8	7.23	1.1801	0.00	694	1	100.0	30
02/03/22	20:30	10.9	11.1	10.9	89	9.1	3.2	SSW	1.61	9.7	WSW	10.9	11.0	11.0	---	1019.4	0.00	0.0	0	0.00	0	0.155	0.000	24.4	38	9.2	23.8	7.33	1.1803	0.00	691	1	100.0	30
02/03/22	21:00	10.7	10.9	10.7	90	9.1	1.6	S	0.80	6.4	S	10.7	10.8	10.8	---	1019.3	0.00	0.0	0	0.00	0	0.160	0.000	24.3	38	9.1	23.7	7.33	1.1808	0.00	697	1	100.0	30
02/03/22	21:30	10.4	10.7	10.4	90	8.9	3.2	S	1.61	6.4	S	10.4	10.6	10.6	---	1019.4	0.00	0.0	0	0.00	0	0.164	0.000	24.2	38	9.0	23.6	7.34	1.1814	0.00	691	1	100.0	30
02/03/22	22:00	10.2	10.5	10.2	91	8.8	1.6	SSE	0.80	6.4	SSE	10.2	10.4	10.4	---	1019.3	0.00	0.0	0	0.00	0	0.169	0.000	24.2	38	8.9	23.5	7.34	1.1816	0.00	697	1	100.0	30
02/03/22	22:30	10.3	10.3	10.2	89	8.5	4.8	WSW	2.41	12.9	WSW	10.2	10.4	10.3	---	1019.4	0.00	0.0	0	0.00	0	0.168	0.000	24.1	38	8.9	23.4	7.34	1.1822	0.00	692	1	100.0	30
02/03/22	23:00	9.8	10.3	9.8	90	8.3	3.2	WSW	1.61	12.9	SW	9.8	10.0	10.0	---	1019.4	0.00	0.0	0	0.00	0	0.177	0.000	24.0	38	8.8	23.3	7.35	1.1824	0.00	696	1	100.0	30
02/03/22	23:30	9.6	9.8	9.6	91	8.2	3.2	SW	1.61	6.4	SSW	9.6	9.7	9.7	---	1019.1	0.00	0.0	0	0.00	0	0.183	0.000	23.9	38	8.8	23.3	7.35	1.1824	0.00	694	1	100.0	30
03/03/22	00:00	9.1	9.6	9.1	92	7.8	3.2	S	1.61	8.0	S	9.1	9.2	9.2	---	1019.0	0.00	0.0	0	0.00	0	0.193	0.000	23.9	38	8.7	23.2	7.35	1.1826	0.00	695	1	100.0	30
03/03/22	0:30	8.8	9.1	8.8	93	7.8	4.8	S	2.41	9.7	SSE	8.5	9.0	8.7	---	1018.9	0.00	0.0	0	0.00	0	0.198	0.000	23.8	38	8.7	23.2	7.35	1.1827	0.00	684	1	100.0	30
03/03/22	1:00	8.5	8.8	8.4	95	7.7	6.4	SW	3.22	17.7	WSW	7.7	8.7	7.8	---	1019.1	0.00	0.0	0	0.00	0	0.205	0.000	23.7	38	8.6	23.0	7.36	1.1834	0.00	695	1	100.0	30
03/03/22	1:30	8.6	8.6	8.5	96	8.0	4.8	SW	2.41	14.5	SW	8.2	8.8	8.4	---	1018.8	0.00	0.0	0	0.00	0	0.203	0.000	23.7	38	8.6	23.0	7.36	1.1831	0.00	693	1	100.0	30
03/03/22	2:00	8.5	8.7	8.5	96	7.9	3.2	SSW	1.61	9.7	SW	8.5	8.7	8.7	---	1018.5	0.00	0.0	0	0.00	0	0.205	0.000	23.7	38	8.5	22.9	7.37	1.1830	0.00	693	1	100.0	30
03/03/22	2:30	8.4	8.6	8.3	96	7.8	4.8	SSW	2.41	16.1	WSW	8.0	8.6	8.2	---	1018.2	0.00	0.0	0	0.00	0	0.207	0.000	23.7	38	8.5	22.9	7.37	1.1826	0.00	694	1	100.0	30
03/03/22	3:00	8.2	8.4	8.2	96	7.6	4.8	SSW	2.41	12.9	WSW	7.8	8.4	8.0	---	1018.1	0.00	0.0	0	0.00	0	0.211	0.000	23.6	38	8.4	22.8	7.37	1.1830	0.00	697	1	100.0	30
03/03/22	3:30	8.1	8.3	8.1	96	7.5	4.8	SSE	2.41	9.7	SE	7.7	8.3	7.9	---	1017.7	0.00	0.0	0	0.00	0	0.213	0.000	23.6	38	8.4	22.8	7.37	1.1826	0.00	686	1	100.0	30
03/03/22	4:00	8.0	8.1	8.0	97	7.6	6.4	SSE	3.22	17.7	SSE	7.1	8.2	7.3	---	1017.1	0.00	0.0	0	0.00	0	0.215	0.000	23.5	38	8.4	22.8	7.38	1.1821	0.00	687	1	100.0	30
03/03/22	4:30	7.9	8.0	7.9	97	7.5	6.4	SSE	3.22	12.9	SSE	7.0	8.2	7.2	---	1016.9	0.00	0.0	0	0.00	0	0.216	0.000	23.5	38	8.4	22.8	7.38	1.1819	0.00	680	1	99.4	30
03/03/22	5:00	8.0	8.0	7.9	97	7.6	4.8	SSE	2.41	11.3	SE	7.6	8.2	7.8	---	1016.9	0.00	0.0	0	0.00	0	0.215	0.000	23.4	38	8.3	22.7	7.38	1.1822	0.00	683	1	99.9	30
03/03/22	5:30	8.1	8.2	7.9	96	7.5	4.8	S	2.41	9.7	S	7.7	8.3	7.9	---	1016.5	0.00	0.0	0	0.00	0	0.213	0.000	23.4	38	8.3	22.7	7.39	1.1820	0.00	687	1	100.0	30
03/03/22	6:00	8.3	8.3	8.1	96	7.7	4.8	SSE	2.41	11.3	S	7.9	8.4	8.1	---	1016.2	0.00	0.0	0	0.00	0	0.209	0.000	23.4	38	8.3	22.7	7.39	1.1816	0.00	676	1	98.8	30
03/03/22	6:30	8.3	8.3	8.2	95	7.6	3.2	SSE	1.61	11.3	SSE	8.3	8.5	8.5	---	1016.3	0.00	0.0	0	0.00	0	0.208	0.000	23.4	38	8.3	22.7	7.39	1.1818	0.00	675	1	98.7	30
03/03/22	7:00	8.4	8.4	8.3	94	7.5	3.2	SSE	1.61	12.9	SSE	8.4	8.6	8.6	---	1016.2	0.00	0.0	0	0.00	0	0.207	0.000	23.3	38	8.2	22.6	7.39	1.1818	0.00	684	1	100.0	30
03/03/22	7:30	8.4	8.4	8.3	94	7.5	4.8	SSE	2.41	12.9	SE	8.0	8.6	8.2	---	1016.0	0.00	0.0	0	0.00	5	0.207	0.000	23.3	38	8.2	22.6	7.39	1.1817	0.00	674	1	98.5	30
03/03/22	8:00	8.4	8.4	8.3	94	7.5	4.8	SSE	2.41	14.5	SE	8.0	8.6	8.2	---	1016.1	0.00	0.0	12	0.52	19	0.207	0.000	23.3	38	8.2	22.6	7.39	1.1817	0.00	688	1	100.0	30
03/03/22	8:30	8.6	8.6	8.3	93	7.5	4.8	SSE	2.41	12.9	SE	8.2	8.8	8.4	---	1016.0	0.00	0.0	26	1.12	42	0.203	0.000	23.3	38	8.2	22.6	7.39	1.1817	0.00	659	1	96.3	30
03/03/22	9:00	8.8	8.8	8.6	93	7.8	4.8	SSE	2.41	14.5	SE	8.5	9.0	8.7	---	1016.2	0.00	0.0	40	1.72	49	0.198	0.000	23.3	38	8.2	22.6	7.39	1.1818	0.00	680	1	99.4	30
03/03/22	9:30	9.1	9.1	8.8	92	7.8	4.8	SSE	2.41	12.9	SSE	8.7	9.2	8.9	---	1016.1	0.00	0.0	45	1.94	67	0.193	0.000	23.4	38	8.3	22.7	7.39	1.1814	0.00	683	1	99.9	30
03/03/22	10:00	9.3	9.3	9.1	92	8.0	6.4	SSE	3.22	16.1	SE	8.6	9.5	8.8	---	1016.2	0.00	0.0	68	2.92	77	0.189	0.000	23.4	38	8.3	22.7	7.38	1.1813	0.03	680	1	99.4	30
03/03/22	10:30	9.7	9.7	9.3	91	8.3	6.4	SSE	3.22	16.1	S	9.1	9.9	9.2	---	1016.3	0.00	0.0	96	4.13	127	0.179	0.000	23.6	38	8.4	22.8	7.37	1.1809	0.00	684	1	100.0	30
03/03/22	11:00	10.3	10.3	9.7	89	8.6	6.4	S	3.22	16.1	SSE	9.8	10.4	9.9	---	1016.2	0.00	0.0	126	5.42	151	0.167	0.000	23.7	38	8.5	22.9	7.37	1.1803	0.08	648	1	94.7	30
03/03/22	11:30	10.7	10.7	10.3	87	8.6	8.0	SSE	4.02	16.1	SSE	9.9	10.8	9.9	---	1016.2	0.00	0.0	127	5.46	144	0.159	0.000	23.7	38	8.6	23.0	7.36	1.1800	0.00	645	1	94.3	30
03/03/22	12:00	11.2	11.2	10.7	85	8.7	6.4	S	3.22	16.1	SE	10.7	11.2	10.7	---	1016.0	0.00	0.0	151	6.49	190	0.149	0.000	23.8	38	8.6	23.1	7.36	1.1795	0.08	662	1	96.8	30
03/03/22	12:30	11.6	11.6	11.2	84	9.0	4.8	S	2.41	14.5	SE	11.6	11.6	11.6	---	1016.2	0.00	0.0	159	6.84	195	0.140	0.000	23.9	39	9.1	23.3	7.55	1.1786	0.00	536	1	78.4	30
03/03/22	13:00	11.6	11.7	11.6	83	8.8	6.4	SSE	3.22	14.5	SSE	11.2	11.5	11.1	---	1015.9	0.00	0.0	116	4.99	162	0.140	0.000	24.2	39	9.4	23.6	7.54	1.1770	0.08	529	1	77.3	30
03/03/22	13:30	11.9	11.9	11.6	82	8.9	4.8	SSE	2.41	14.5	SSE	11.9	11.8	11.8	---	1015.6	0.00	0.0	157	6.75	239	0.134	0.000	24.3	38	9.1	23.7	7.33	1.1765	0.00	694	1	100.0	30
03/03/22	14:00	12.1	12.2	11.9	82	9.1	3.2	SSE	1.61	9.7	SE	12.1	11.9	11.9	---	1015.3	0.00	0.0	103	4.43	163	0.131	0.000	24.4	39	9.5	23.7	7.53	1.1755	0.08	692	1	100.0	30
03/03/22	14:30	12.1	12.1	12.0	81	8.9	4.8	S	2.41	11.3	SSE	12.1	11.9	11.9	---	1015.3	0.00	0.0	65	2.80	74	0.131	0.000	24.3	38	9.0	23.6	7.34	1.1763	0.00	693	1	100.0	30
03/03/22	15:00	12.2	12.2	12.0	79	8.6	4.8	SSE	2.41	12.9	SE	12.2	11.9	11.9	---	1015.2	0.00	0.0	90	3.87	118	0.128	0.000	24.3	39	9.4	23.6	7.54	1.1758	0.05	697	1	100.0	30
03/03/22	15:30	12.2	12.3	12.2	79	8.6	4.8	S	2.41	9.7	S	12.2	11.9	11.9	---	1015.1	0.00	0.0	77	3.31	88	0.128	0.000	24.3	38	9.0	23.6	7.34	1.1761	0.00	690	1	100.0	30
03/03/22	16:00	12.2	12.3	12.1	79	8.6	3.2	S	1.61	11.3	SE	12.2	11.9	11.9	---	1015.2	0.00	0.0	69	2.97	91	0.128	0.000	24.2	38	9.0	23.6	7.34	1.1764	0.05	693	1	100.0	30
03/03/22	16:30	12.3	12.3	12.2	78	8.6	1.6	S	0.80	9.7	SSE	12.3	12.1	12.1	---	1015.0	0.00	0.0	55	2.37	65	0.125	0.000	24.2	38	8.9	23.5	7.34	1.1765	0.00	682	1	99.7	30
03/03/22	17:00	12.3	12.4	12.2	81	9.1	3.2	S	1.61	8.0	SSE	12.3	12.1	12.1	---	1015.0	0.00	0.0	48	2.06	65	0.126	0.000	24.2	37	8.6	23.5	7.24	1.1766	0.03	696	1	100.0	30
03/03/22	17:30	11.9	12.2	11.9	85	9.4	1.6	W	0.80	4.8	W	11.9	11.8	11.8	---	1015.0	0.00	0.0	31	1.33	35	0.134	0.000	24.2	38	9.0	23.6	7.34	1.1763	0.00	695	1	100.0	30
03/03/22	18:00	11.8	11.9	11.7	85	9.3	0.0	W	0.00	1.6	W	11.8	11.7	11.7	---	1015.2	0.00	0.0	21	0.90	28	0.137	0.000	24.2	38	8.9	23.5	7.34	1.1767	0.03	695	1	100.0	30
03/03/22	18:30	11.6	11.8	11.6	88	9.6	0.0	W	0.00	1.6	W	11.6	11.6	11.6	---	1015.4	0.00	0.0	7	0.30	16	0.141	0.000	24.2	39	9.3	23.5	7.54	1.1766	0.00	695	1	100.0	30
03/03/22	19:00	11.3	11.6	11.3	89	9.6	0.0	W	0.00	1.6	W	11.3	11.4	11.4	---	1015.6	0.00	0.0	0	0.00	0	0.146	0.000	24.1	39	9.3	23.4	7.54	1.1771	0.00	695	1	100.0	30
03/03/22	19:30	11.3	11.3	11.2	90	9.7	0.0	W	0.00	1.6	W	11.3	11.4	11.4	---	1016.0	0.00	0.0	0	0.00	0	0.147	0.000	24.1	40	9.7	23.5	7.64	1.1772	0.00	695	1	100.0	30
03/03/22	20:00	11.1	11.3	11.1	91	9.6	0.0	W	0.00	3.2	W	11.1	11.2	11.2	---	1016.2	0.00	0.0	0	0.00	0	0.152	0.000	24.1	40	9.6	23.4	7.64	1.1777	0.00	696	1	100.0	30
03/03/22	20:30	10.9	11.1	10.9	91	9.5	0.0	WNW	0.00	3.2	WNW	10.9	11.1	11.1	---	1016.5	0.00	0.0	0	0.00	0	0.154	0.000	24.1	40	9.6	23.4	7.64	1.1780	0.00	691	1	100.0	30
03/03/22	21:00	10.5	10.9	10.4	93	9.4	3.2	WNW	1.61	8.0	WNW	10.5	10.7	10.7	---	1016.5	0.00	0.0	0	0.00	0	0.163	0.000	24.0	40	9.6	23.4	7.65	1.1784	0.00	698	1	100.0	30
03/03/22	21:30	10.4	10.5	10.3	93	9.3	3.2	WNW	1.61	8.0	WNW	10.4	10.6	10.6	---	1016.9	0.00	0.0	0	0.00	0	0.166	0.000	24.0	40	9.6	23.4	7.65	1.1788	0.00	695	1	100.0	30
03/03/22	22:00	10.3	10.4	10.3	94	9.4	1.6	NW	0.80	6.4	NNW	10.3	10.6	10.6	---	1017.0	0.00	0.0	0	0.00	0	0.167	0.000	23.9	40	9.5	23.3	7.65	1.1792	0.00	695	1	100.0	30
03/03/22	22:30	9.4	10.3	9.4	94	8.5	8.0	NNW	4.02	17.7	NNW	8.3	9.7	8.6	---	1017.4	0.00	0.0	0	0.00	0	0.186	0.000	23.8	40	9.4	23.2	7.65	1.1802	0.00	694	1	100.0	30
03/03/22	23:00	9.1	9.4	9.1	94	8.1	8.0	NNW	4.02	17.7	NNW	7.9	9.3	8.1	---	1017.5	0.00	0.0	0	0.00	0	0.193	0.000	23.8	40	9.4	23.2	7.65	1.1804	0.00	697	1	100.0	30
03/03/22	23:30	8.7	9.1	8.7	93	7.6	9.7	N	4.83	20.9	N	7.1	8.8	7.3	---	1017.7	0.00	0.0	0	0.00	0	0.201	0.000	23.7	39	8.9	23.1	7.56	1.1815	0.00	693	1	100.0	30
04/03/22	00:00	8.4	8.7	8.4	92	7.2	11.3	NNE	5.63	24.1	NNW	6.6	8.6	6.7	---	1017.9	0.00	0.0	0	0.00	0	0.206	0.000	23.6	39	8.8	22.9	7.56	1.1822	0.00	695	1	100.0	30
04/03/22	0:30	8.6	8.6	8.4	91	7.2	6.4	NNE	3.22	20.9	NE	7.7	8.7	7.8	---	1018.0	0.00	0.0	0	0.00	0	0.204	0.000	23.6	38	8.4	22.8	7.37	1.1829	0.00	693	1	100.0	30
04/03/22	1:00	8.6	8.6	8.4	91	7.2	6.4	N	3.22	14.5	N	7.7	8.7	7.8	---	1018.1	0.00	0.0	0	0.00	0	0.204	0.000	23.5	38	8.4	22.8	7.38	1.1833	0.00	699	1	100.0	30
04/03/22	1:30	8.6	8.7	8.6	92	7.4	6.4	NNE	3.22	19.3	NNW	7.8	8.8	7.9	---	1018.2	0.00	0.0	0	0.00	0	0.203	0.000	23.4	38	8.3	22.7	7.38	1.1837	0.00	697	1	100.0	30
04/03/22	2:00	8.4	8.7	8.4	94	7.5	6.4	NNE	3.22	17.7	NNE	7.6	8.6	7.7	---	1018.2	0.00	0.0	0	0.00	0	0.206	0.000	23.4	38	8.3	22.7	7.38	1.1836	0.00	697	1	100.0	30
04/03/22	2:30	8.2	8.4	8.2	94	7.3	8.0	N	4.02	17.7	NNW	6.9	8.4	7.1	---	1018.3	0.00	0.0	0	0.00	0	0.211	0.000	23.4	38	8.3	22.7	7.39	1.1841	0.00	692	1	100.0	30
04/03/22	3:00	8.1	8.2	8.1	93	7.0	6.4	N	3.22	16.1	NNE	7.1	8.2	7.2	---	1018.3	0.00	0.0	0	0.00	0	0.214	0.000	23.3	38	8.2	22.6	7.39	1.1843	0.00	695	1	100.0	30
04/03/22	3:30	8.1	8.1	8.0	93	7.0	6.4	N	3.22	12.9	N	7.1	8.2	7.2	---	1018.3	0.00	0.0	0	0.00	0	0.214	0.000	23.3	38	8.2	22.6	7.39	1.1846	0.00	692	1	100.0	30
04/03/22	4:00	8.1	8.1	8.0	92	6.8	6.4	N	3.22	14.5	NNW	7.1	8.2	7.2	---	1018.3	0.00	0.0	0	0.00	0	0.214	0.000	23.2	37	7.7	22.4	7.27	1.1852	0.00	698	1	100.0	30
04/03/22	4:30	8.1	8.1	7.9	92	6.8	8.0	NNW	4.02	17.7	N	6.7	8.2	6.8	---	1018.4	0.00	0.0	0	0.00	0	0.214	0.000	23.2	37	7.7	22.4	7.27	1.1854	0.00	695	1	100.0	30
04/03/22	5:00	8.0	8.1	7.9	93	6.9	6.4	N	3.22	14.5	NNW	7.1	8.1	7.2	---	1018.6	0.00	0.0	0	0.00	0	0.215	0.000	23.2	37	7.7	22.4	7.28	1.1859	0.00	696	1	100.0	30
04/03/22	5:30	7.9	8.0	7.9	93	6.9	6.4	N	3.22	16.1	N	7.0	8.1	7.1	---	1018.8	0.00	0.0	0	0.00	0	0.216	0.000	23.2	37	7.7	22.4	7.28	1.1861	0.00	694	1	100.0	30
04/03/22	6:00	7.9	8.0	7.9	93	6.9	6.4	N	3.22	17.7	NNW	7.0	8.1	7.1	---	1019.1	0.00	0.0	0	0.00	0	0.216	0.000	23.1	37	7.6	22.3	7.28	1.1866	0.00	695	1	100.0	30
04/03/22	6:30	7.8	7.9	7.7	94	6.9	8.0	N	4.02	16.1	NNW	6.4	7.9	6.6	---	1019.3	0.00	0.0	0	0.00	0	0.220	0.000	23.1	37	7.6	22.2	7.28	1.1872	0.00	694	1	100.0	30
04/03/22	7:00	7.4	7.8	7.4	95	6.7	8.0	N	4.02	19.3	NNW	6.0	7.6	6.1	---	1019.5	0.00	0.0	0	0.00	0	0.227	0.000	23.0	37	7.5	22.2	7.28	1.1876	0.00	699	1	100.0	30
04/03/22	7:30	7.4	7.5	7.4	95	6.7	6.4	N	3.22	16.1	NNW	6.4	7.6	6.5	---	1019.7	0.00	0.0	0	0.00	0	0.227	0.000	22.9	37	7.5	22.1	7.28	1.1881	0.00	694	1	100.0	30
04/03/22	8:00	7.4	7.4	7.3	95	6.6	6.4	N	3.22	16.1	N	6.3	7.5	6.4	---	1020.1	0.00	0.0	4	0.17	14	0.228	0.000	22.9	37	7.5	22.1	7.28	1.1887	0.00	696	1	100.0	30
04/03/22	8:30	7.4	7.4	7.3	95	6.6	8.0	NNW	4.02	17.7	N	5.9	7.5	6.1	---	1020.4	0.00	0.0	18	0.77	26	0.228	0.000	22.9	37	7.4	22.1	7.29	1.1892	0.00	694	1	100.0	30
04/03/22	9:00	7.4	7.5	7.4	95	6.7	6.4	N	3.22	17.7	NW	6.4	7.6	6.5	---	1020.7	0.00	0.0	32	1.38	42	0.227	0.000	23.1	38	8.0	22.3	7.41	1.1885	0.00	695	1	100.0	30
04/03/22	9:30	7.7	7.7	7.4	95	6.9	6.4	NNE	3.22	16.1	N	6.7	7.8	6.8	---	1021.1	0.00	0.0	60	2.58	67	0.222	0.000	23.4	39	8.6	22.7	7.57	1.1870	0.00	697	1	100.0	30
04/03/22	10:00	7.8	7.8	7.6	94	6.9	8.0	N	4.02	17.7	NNW	6.4	8.0	6.6	---	1021.2	0.00	0.0	80	3.44	104	0.219	0.000	23.5	38	8.4	22.8	7.38	1.1870	0.05	698	1	100.0	30
04/03/22	10:30	8.1	8.2	7.8	94	7.2	6.4	N	3.22	17.7	NNW	7.2	8.3	7.3	---	1021.4	0.00	0.0	112	4.82	132	0.213	0.000	23.6	38	8.5	22.9	7.37	1.1867	0.00	692	1	100.0	30
04/03/22	11:00	8.4	8.4	8.1	91	7.1	6.4	N	3.22	19.3	NNE	7.6	8.6	7.7	---	1021.4	0.00	0.0	156	6.71	167	0.206	0.000	23.6	38	8.4	22.8	7.37	1.1869	0.08	691	1	100.0	30
04/03/22	11:30	8.8	8.8	8.4	88	6.9	6.4	NNE	3.22	17.7	NNW	8.0	8.8	8.1	---	1021.4	0.00	0.0	156	6.71	176	0.199	0.000	23.6	37	8.0	22.8	7.26	1.1872	0.00	691	1	100.0	30
04/03/22	12:00	9.2	9.2	8.8	85	6.8	8.0	N	4.02	22.5	N	8.1	9.2	8.1	---	1021.3	0.00	0.0	196	8.43	229	0.191	0.000	23.6	37	8.0	22.8	7.26	1.1872	0.10	693	1	100.0	30
04/03/22	12:30	9.6	9.6	9.2	81	6.5	9.7	NNE	4.83	22.5	N	8.2	9.6	8.2	---	1021.4	0.00	0.0	204	8.77	227	0.183	0.000	23.6	36	7.6	22.8	7.07	1.1876	0.00	693	1	100.0	30
04/03/22	13:00	10.0	10.0	9.5	77	6.2	11.3	NNE	5.63	22.5	NNE	8.4	9.9	8.4	---	1021.3	0.00	0.0	232	9.98	271	0.174	0.000	23.7	36	7.8	22.9	7.06	1.1867	0.13	699	1	100.0	30
04/03/22	13:30	10.3	10.3	9.9	73	5.6	11.3	NNE	5.63	27.4	NE	8.8	10.1	8.6	---	1021.2	0.00	0.0	246	10.58	285	0.168	0.000	23.8	36	7.9	23.1	7.05	1.1860	0.00	693	1	100.0	30
04/03/22	14:00	10.4	10.7	10.3	73	5.8	9.7	NNE	4.83	20.9	NE	9.3	10.2	9.1	---	1020.8	0.00	0.0	225	9.68	288	0.164	0.000	23.8	35	7.4	23.1	6.95	1.1860	0.15	699	1	100.0	30
04/03/22	14:30	10.7	10.7	10.4	72	5.8	11.3	N	5.63	29.0	N	9.2	10.4	8.9	---	1020.8	0.00	0.0	245	10.54	295	0.160	0.000	23.8	34	7.0	23.0	6.75	1.1863	0.00	693	1	100.0	30
04/03/22	15:00	10.7	10.8	10.6	68	5.0	9.7	NNE	4.83	24.1	NNE	9.5	10.3	9.1	---	1020.7	0.00	0.0	196	8.43	220	0.160	0.000	23.8	34	7.0	23.0	6.75	1.1861	0.15	698	1	100.0	30
04/03/22	15:30	10.8	10.9	10.6	67	4.9	9.7	N	4.83	22.5	NNW	9.7	10.4	9.3	---	1020.8	0.00	0.0	202	8.69	239	0.156	0.000	23.8	33	6.5	22.9	6.55	1.1869	0.00	690	1	100.0	30
04/03/22	16:00	10.9	10.9	10.8	63	4.1	11.3	NNE	5.63	29.0	NNE	9.5	10.4	9.0	---	1020.8	0.00	0.0	183	7.87	213	0.155	0.000	23.7	32	6.0	22.8	6.46	1.1875	0.15	695	1	100.0	30
04/03/22	16:30	10.8	10.9	10.8	65	4.5	9.7	NNE	4.83	19.3	N	9.6	10.4	9.2	---	1021.0	0.00	0.0	114	4.90	167	0.157	0.000	23.7	32	6.0	22.8	6.46	1.1877	0.00	692	1	100.0	30
04/03/22	17:00	10.8	10.8	10.7	63	4.0	11.3	N	5.63	29.0	N	9.4	10.3	8.9	---	1021.0	0.00	0.0	101	4.34	114	0.157	0.000	23.7	32	6.0	22.7	6.46	1.1880	0.10	696	1	100.0	30
04/03/22	17:30	10.4	10.8	10.4	63	3.7	14.5	NNE	7.24	29.0	N	8.3	10.0	7.8	---	1021.1	0.00	0.0	111	4.77	188	0.164	0.000	23.6	31	5.5	22.6	6.26	1.1887	0.00	691	1	100.0	30
04/03/22	18:00	10.4	10.5	10.3	64	3.9	11.3	N	5.63	29.0	NNW	9.0	10.1	8.6	---	1021.1	0.00	0.0	73	3.14	90	0.164	0.000	23.6	31	5.4	22.6	6.26	1.1890	0.10	696	1	100.0	30
04/03/22	18:30	9.9	10.4	9.9	64	3.4	9.7	N	4.83	27.4	NNW	8.6	9.6	8.3	---	1021.3	0.00	0.0	51	2.19	74	0.176	0.000	23.6	31	5.4	22.6	6.26	1.1892	0.00	693	1	100.0	30
04/03/22	19:00	9.2	9.9	9.2	68	3.6	9.7	N	4.83	20.9	N	7.8	8.9	7.5	---	1021.4	0.00	0.0	6	0.26	28	0.190	0.000	23.4	30	4.9	22.3	6.08	1.1902	0.05	698	1	100.0	30
04/03/22	19:30	8.7	9.2	8.7	69	3.3	9.7	N	4.83	19.3	NNW	7.2	8.4	6.9	---	1021.6	0.00	0.0	0	0.00	0	0.200	0.000	23.3	30	4.8	22.2	6.09	1.1910	0.00	697	1	100.0	30
04/03/22	20:00	8.2	8.7	8.2	71	3.2	8.0	NNE	4.02	20.9	N	6.8	7.9	6.6	---	1021.6	0.00	0.0	0	0.00	0	0.212	0.000	23.3	30	4.7	22.2	6.09	1.1912	0.03	696	1	100.0	30
04/03/22	20:30	7.8	8.2	7.8	73	3.3	8.0	NNE	4.02	22.5	N	6.4	7.6	6.2	---	1021.7	0.00	0.0	0	0.00	0	0.219	0.000	23.2	30	4.7	22.1	6.10	1.1916	0.00	692	1	100.0	30
04/03/22	21:00	7.6	7.8	7.5	74	3.2	9.7	NNE	4.83	19.3	NE	5.8	7.3	5.6	---	1021.7	0.00	0.0	0	0.00	0	0.225	0.000	23.1	30	4.6	21.9	6.11	1.1921	0.03	695	1	100.0	30
04/03/22	21:30	6.9	7.6	6.9	77	3.1	8.0	N	4.02	16.1	N	5.3	6.7	5.2	---	1021.9	0.00	0.0	0	0.00	0	0.238	0.000	23.1	30	4.5	21.9	6.11	1.1926	0.00	691	1	100.0	30
04/03/22	22:00	6.4	6.9	6.4	79	3.1	6.4	N	3.22	12.9	N	5.3	6.3	5.1	---	1022.0	0.00	0.0	0	0.00	0	0.248	0.000	23.0	30	4.5	21.8	6.11	1.1929	0.00	698	1	100.0	30
04/03/22	22:30	6.1	6.4	6.0	81	3.0	6.4	NNW	3.22	12.9	N	4.8	5.9	4.7	---	1022.2	0.00	0.0	0	0.00	0	0.256	0.000	22.9	30	4.4	21.7	6.12	1.1936	0.00	694	1	100.0	30
04/03/22	23:00	5.4	6.1	5.4	83	2.8	4.8	NNW	2.41	11.3	NNE	4.7	5.3	4.6	---	1022.2	0.00	0.0	0	0.00	0	0.269	0.000	22.8	30	4.3	21.6	6.13	1.1939	0.00	696	1	100.0	30
04/03/22	23:30	4.9	5.4	4.8	86	2.7	4.8	NW	2.41	9.7	NW	4.1	4.8	3.9	---	1022.0	0.00	0.0	0	0.00	0	0.280	0.000	22.7	30	4.2	21.5	6.13	1.1942	0.00	694	1	100.0	30
05/03/22	00:00	4.6	4.9	4.6	88	2.8	4.8	NNW	2.41	9.7	NNW	3.7	4.6	3.7	---	1022.0	0.00	0.0	0	0.00	0	0.286	0.000	22.6	31	4.6	21.3	6.30	1.1944	0.00	702	1	100.0	30
05/03/22	0:30	4.2	4.6	4.2	90	2.7	4.8	NNW	2.41	9.7	WNW	3.2	4.1	3.2	---	1021.9	0.00	0.0	0	0.00	0	0.295	0.000	22.6	31	4.6	21.3	6.30	1.1946	0.00	691	1	100.0	30
05/03/22	1:00	3.8	4.2	3.8	91	2.5	4.8	NNW	2.41	8.0	NNW	2.8	3.8	2.8	---	1021.8	0.00	0.0	0	0.00	0	0.302	0.000	22.4	31	4.5	21.1	6.30	1.1949	0.00	693	1	100.0	30
05/03/22	1:30	3.8	3.9	3.7	92	2.7	4.8	NNW	2.41	9.7	NW	2.8	3.8	2.8	---	1021.8	0.00	0.0	0	0.00	0	0.302	0.000	22.4	31	4.4	21.1	6.30	1.1952	0.00	700	1	100.0	30
05/03/22	2:00	3.9	3.9	3.8	92	2.7	4.8	NNW	2.41	9.7	N	2.9	3.8	2.8	---	1021.7	0.00	0.0	0	0.00	0	0.301	0.000	22.3	31	4.4	20.9	6.31	1.1954	0.00	694	1	100.0	30
05/03/22	2:30	4.0	4.0	3.9	93	3.0	4.8	NNW	2.41	9.7	NNW	3.1	4.0	3.1	---	1021.6	0.00	0.0	0	0.00	0	0.299	0.000	22.3	31	4.3	20.9	6.31	1.1954	0.00	691	1	100.0	30
05/03/22	3:00	4.0	4.1	3.9	93	3.0	4.8	NNW	2.41	9.7	NNW	3.1	4.0	3.1	---	1021.5	0.00	0.0	0	0.00	0	0.299	0.000	22.2	31	4.3	20.8	6.31	1.1957	0.00	701	1	100.0	30
05/03/22	3:30	3.9	4.1	3.9	93	2.9	4.8	NNW	2.41	9.7	NW	2.9	3.9	2.9	---	1021.4	0.00	0.0	0	0.00	0	0.301	0.000	22.2	31	4.3	20.8	6.31	1.1955	0.00	688	1	100.0	30
05/03/22	4:00	3.1	3.9	3.1	94	2.2	4.8	WNW	2.41	11.3	WNW	2.1	3.1	2.1	---	1021.3	0.00	0.0	0	0.00	0	0.317	0.000	22.2	31	4.2	20.7	6.31	1.1957	0.00	697	1	100.0	30
05/03/22	4:30	2.6	3.1	2.6	95	1.8	4.8	NNW	2.41	8.0	WNW	1.4	2.6	1.4	---	1021.4	0.00	0.0	0	0.00	0	0.329	0.000	22.1	31	4.1	20.6	6.32	1.1962	0.00	694	1	100.0	30
05/03/22	5:00	2.4	2.6	2.3	95	1.7	4.8	NW	2.41	8.0	NW	1.2	2.4	1.2	---	1021.5	0.00	0.0	0	0.00	0	0.332	0.000	22.0	31	4.1	20.4	6.32	1.1966	0.00	692	1	100.0	30
05/03/22	5:30	2.4	2.4	2.3	95	1.7	4.8	NNW	2.41	8.0	NW	1.2	2.4	1.2	---	1021.6	0.00	0.0	0	0.00	0	0.332	0.000	21.9	31	4.0	20.4	6.32	1.1971	0.00	695	1	100.0	30
05/03/22	6:00	2.2	2.4	2.2	95	1.5	4.8	NNW	2.41	8.0	NNW	1.0	2.2	1.0	---	1021.7	0.00	0.0	0	0.00	0	0.336	0.000	21.8	31	3.9	20.2	6.32	1.1977	0.00	694	1	100.0	30
05/03/22	6:30	2.2	2.3	2.2	95	1.5	4.8	NW	2.41	6.4	NNW	1.0	2.2	1.0	---	1021.8	0.00	0.0	0	0.00	0	0.336	0.000	21.8	30	3.5	20.2	6.20	1.1981	0.00	689	1	100.0	30
05/03/22	7:00	2.1	2.2	2.1	95	1.3	4.8	NNW	2.41	8.0	NNW	0.8	2.1	0.8	---	1021.7	0.00	0.0	0	0.00	0	0.339	0.000	21.8	30	3.4	20.1	6.20	1.1982	0.00	700	1	100.0	30
05/03/22	7:30	1.9	2.1	1.9	95	1.2	4.8	NW	2.41	8.0	WNW	0.7	1.9	0.7	---	1021.8	0.00	0.0	0	0.00	5	0.341	0.000	21.7	30	3.4	20.0	6.21	1.1987	0.00	690	1	100.0	30
05/03/22	8:00	2.2	2.2	1.8	95	1.4	4.8	NNW	2.41	9.7	NNW	0.9	2.2	0.9	---	1022.0	0.00	0.0	16	0.69	37	0.337	0.000	21.9	30	3.6	20.3	6.19	1.1978	0.00	698	1	100.0	30
05/03/22	8:30	2.9	2.9	2.2	94	2.1	6.4	NNW	3.22	12.9	NNW	1.2	2.9	1.2	---	1022.1	0.00	0.0	70	3.01	104	0.321	0.000	22.1	30	3.7	20.6	6.18	1.1972	0.00	693	1	100.0	30
05/03/22	9:00	3.2	3.3	2.9	94	2.3	4.8	NNW	2.41	16.1	NNW	2.2	3.2	2.2	---	1022.3	0.00	0.0	65	2.80	109	0.315	0.000	22.2	30	3.8	20.7	6.17	1.1969	0.03	694	1	100.0	30
05/03/22	9:30	4.4	4.4	3.2	92	3.3	6.4	NNW	3.22	16.1	N	2.9	4.4	2.9	---	1022.4	0.00	0.0	119	5.12	139	0.289	0.000	22.3	30	3.9	20.8	6.17	1.1968	0.00	693	1	100.0	30
05/03/22	10:00	5.4	5.4	4.4	88	3.6	9.7	NNE	4.83	22.5	NNW	3.3	5.4	3.2	---	1022.4	0.00	0.0	136	5.85	171	0.269	0.000	22.4	30	4.0	21.1	6.15	1.1960	0.05	691	1	100.0	30
05/03/22	10:30	6.7	6.7	5.4	85	4.3	8.0	NNE	4.02	16.1	NNE	5.1	6.6	5.1	---	1022.2	0.00	0.0	317	13.63	466	0.243	0.000	22.6	31	4.6	21.3	6.30	1.1949	0.00	693	1	100.0	30
05/03/22	11:00	7.9	7.9	6.7	78	4.3	8.0	NNE	4.02	22.5	NE	6.6	7.8	6.4	---	1022.1	0.00	0.0	423	18.19	480	0.216	0.000	22.7	31	4.7	21.4	6.29	1.1943	0.18	697	1	100.0	30
05/03/22	11:30	8.8	8.9	7.9	70	3.7	12.9	NNE	6.44	32.2	NNE	6.7	8.6	6.4	---	1022.0	0.00	0.0	470	20.21	610	0.198	0.000	22.8	31	4.8	21.7	6.29	1.1934	0.00	693	1	100.0	30
05/03/22	12:00	9.2	9.3	8.5	69	3.8	11.3	NE	5.63	32.2	NNE	7.5	8.9	7.2	---	1021.6	0.00	0.0	489	21.03	701	0.190	0.000	23.1	30	4.5	21.9	6.11	1.1922	0.25	696	1	100.0	30
05/03/22	12:30	9.3	9.4	8.9	70	4.1	11.3	NE	5.63	27.4	ENE	7.6	9.1	7.3	---	1021.7	0.00	0.0	270	11.61	680	0.189	0.000	23.1	30	4.6	21.9	6.11	1.1920	0.00	695	1	100.0	30
05/03/22	13:00	9.2	9.4	9.1	68	3.6	11.3	NE	5.63	27.4	NE	7.4	8.9	7.2	---	1021.6	0.00	0.0	215	9.25	334	0.191	0.000	23.2	30	4.6	22.0	6.10	1.1917	0.18	698	1	100.0	30
05/03/22	13:30	9.2	9.2	9.0	68	3.6	11.3	NE	5.63	25.7	NE	7.4	8.9	7.2	---	1021.4	0.00	0.0	176	7.57	204	0.191	0.000	23.1	30	4.6	21.9	6.11	1.1917	0.00	696	1	100.0	30
05/03/22	14:00	9.2	9.2	9.1	67	3.4	11.3	NE	5.63	25.7	NNE	7.4	8.8	7.1	---	1021.2	0.00	0.0	164	7.05	207	0.191	0.000	23.1	30	4.5	21.9	6.11	1.1917	0.13	697	1	100.0	30
05/03/22	14:30	9.3	9.5	9.2	66	3.3	11.3	NE	5.63	22.5	NE	7.7	9.0	7.3	---	1021.1	0.00	0.0	214	9.20	241	0.188	0.000	23.1	29	4.0	21.8	5.91	1.1919	0.00	691	1	100.0	30
05/03/22	15:00	9.4	9.6	9.3	65	3.2	9.7	NE	4.83	25.7	NNE	8.1	9.1	7.7	---	1020.8	0.00	0.0	200	8.60	221	0.185	0.000	23.1	29	4.0	21.8	5.91	1.1916	0.15	695	1	100.0	30
05/03/22	15:30	9.4	9.5	9.3	66	3.4	11.3	NE	5.63	22.5	NNE	7.8	9.1	7.4	---	1020.8	0.00	0.0	199	8.56	281	0.185	0.000	23.1	29	4.0	21.8	5.91	1.1916	0.00	689	1	100.0	30
05/03/22	16:00	9.4	9.7	9.3	66	3.4	8.0	NE	4.02	19.3	NE	8.3	9.1	8.0	---	1020.7	0.00	0.0	150	6.45	158	0.185	0.000	23.1	29	4.0	21.8	5.91	1.1915	0.13	696	1	100.0	30
05/03/22	16:30	9.5	9.6	9.4	67	3.7	8.0	NE	4.02	19.3	NNW	8.4	9.2	8.1	---	1020.6	0.00	0.0	114	4.90	142	0.184	0.000	23.0	29	4.0	21.8	5.91	1.1916	0.00	692	1	100.0	30
05/03/22	17:00	8.8	9.5	8.8	71	3.9	6.4	ENE	3.22	19.3	NNE	8.1	8.6	7.8	---	1020.5	0.00	0.0	58	2.49	70	0.198	0.000	22.9	29	3.9	21.7	5.92	1.1918	0.08	696	1	100.0	30
05/03/22	17:30	8.3	8.9	8.3	76	4.3	6.4	ENE	3.22	17.7	ENE	7.4	8.2	7.3	---	1020.5	0.00	0.0	42	1.81	58	0.208	0.000	22.9	30	4.4	21.7	6.12	1.1917	0.00	697	1	100.0	30
05/03/22	18:00	8.1	8.3	8.1	76	4.1	6.4	NE	3.22	17.7	NE	7.1	7.9	6.9	---	1020.6	0.00	0.0	29	1.25	42	0.214	0.000	22.8	30	4.3	21.6	6.13	1.1920	0.03	700	1	100.0	30
05/03/22	18:30	7.7	8.1	7.7	81	4.6	6.4	NE	3.22	17.7	ENE	6.7	7.6	6.6	---	1020.7	0.00	0.0	6	0.26	16	0.222	0.000	22.7	31	4.7	21.6	6.29	1.1924	0.00	693	1	100.0	30
05/03/22	19:00	7.3	7.7	7.2	83	4.6	6.4	NE	3.22	16.1	NNE	6.2	7.2	6.2	---	1020.9	0.00	0.0	0	0.00	0	0.230	0.000	22.7	31	4.7	21.6	6.29	1.1925	0.00	693	1	100.0	30
05/03/22	19:30	7.3	7.3	7.2	83	4.6	6.4	NE	3.22	16.1	NE	6.2	7.2	6.2	---	1021.0	0.00	0.0	0	0.00	0	0.230	0.000	22.7	32	5.1	21.5	6.49	1.1926	0.00	695	1	100.0	30
05/03/22	20:00	7.2	7.3	7.2	83	4.5	6.4	NE	3.22	20.9	NNE	6.2	7.2	6.1	---	1020.8	0.00	0.0	0	0.00	0	0.231	0.000	22.6	32	5.1	21.4	6.50	1.1927	0.00	696	1	100.0	30
05/03/22	20:30	7.2	7.3	7.2	84	4.6	9.7	NE	4.83	20.9	NE	5.3	7.1	5.3	---	1021.0	0.00	0.0	0	0.00	0	0.233	0.000	22.6	32	5.0	21.3	6.50	1.1931	0.00	695	1	100.0	30
05/03/22	21:00	7.1	7.2	7.1	84	4.5	9.7	NNE	4.83	22.5	NE	5.2	7.0	5.1	---	1021.2	0.00	0.0	0	0.00	0	0.235	0.000	22.6	32	5.0	21.3	6.50	1.1934	0.00	694	1	100.0	30
05/03/22	21:30	6.9	7.1	6.9	85	4.6	8.0	NNE	4.02	17.7	NE	5.4	6.9	5.4	---	1021.1	0.00	0.0	0	0.00	0	0.237	0.000	22.5	32	5.0	21.3	6.50	1.1935	0.00	693	1	100.0	30
05/03/22	22:00	6.8	7.0	6.8	86	4.6	8.0	NE	4.02	16.1	NE	5.2	6.7	5.2	---	1021.2	0.00	0.0	0	0.00	0	0.241	0.000	22.5	33	5.4	21.3	6.60	1.1934	0.00	696	1	100.0	30
05/03/22	22:30	6.7	6.8	6.7	87	4.7	8.0	NE	4.02	17.7	NNE	5.2	6.7	5.2	---	1021.4	0.00	0.0	0	0.00	0	0.242	0.000	22.5	33	5.4	21.3	6.60	1.1936	0.00	692	1	100.0	30
05/03/22	23:00	6.7	6.8	6.7	88	4.8	8.0	NE	4.02	19.3	NNE	5.1	6.7	5.1	---	1021.4	0.00	0.0	0	0.00	0	0.243	0.000	22.5	33	5.4	21.3	6.60	1.1935	0.00	700	1	100.0	30
05/03/22	23:30	6.7	6.7	6.7	88	4.8	8.0	NE	4.02	17.7	NE	5.1	6.7	5.1	---	1021.5	0.00	0.0	0	0.00	0	0.243	0.000	22.4	33	5.4	21.2	6.60	1.1940	0.00	693	1	100.0	30
06/03/22	00:00	6.7	6.7	6.6	88	4.8	8.0	NE	4.02	16.1	NE	5.1	6.7	5.1	---	1021.4	0.00	0.0	0	0.00	0	0.243	0.000	22.4	33	5.3	21.2	6.60	1.1941	0.00	694	1	100.0	30
06/03/22	0:30	6.6	6.7	6.6	89	4.9	6.4	NE	3.22	16.1	NE	5.4	6.7	5.5	---	1021.3	0.00	0.0	0	0.00	0	0.244	0.000	22.4	33	5.4	21.2	6.60	1.1937	0.00	693	1	100.0	30
06/03/22	1:00	6.7	6.7	6.6	89	5.0	6.4	NE	3.22	16.1	NE	5.5	6.7	5.6	---	1021.4	0.00	0.0	0	0.00	0	0.243	0.000	22.4	34	5.7	21.2	6.80	1.1937	0.00	696	1	100.0	30
06/03/22	1:30	6.7	6.7	6.6	89	5.0	4.8	NE	2.41	11.3	NNE	6.1	6.7	6.1	---	1021.5	0.00	0.0	0	0.00	0	0.243	0.000	22.4	34	5.8	21.3	6.80	1.1936	0.00	696	1	100.0	30
06/03/22	2:00	6.7	6.7	6.6	89	5.0	4.8	NE	2.41	9.7	NE	6.1	6.8	6.2	---	1021.5	0.00	0.0	0	0.00	0	0.242	0.000	22.4	34	5.8	21.3	6.80	1.1936	0.00	694	1	100.0	30
06/03/22	2:30	6.7	6.7	6.6	89	5.0	4.8	NE	2.41	12.9	ENE	6.1	6.7	6.1	---	1021.3	0.00	0.0	0	0.00	0	0.243	0.000	22.4	34	5.7	21.2	6.80	1.1937	0.00	690	1	100.0	30
06/03/22	3:00	6.6	6.7	6.5	90	5.0	6.4	NE	3.22	14.5	NNE	5.4	6.6	5.4	---	1021.3	0.00	0.0	0	0.00	0	0.245	0.000	22.4	34	5.7	21.2	6.80	1.1937	0.00	695	1	100.0	30
06/03/22	3:30	6.3	6.6	6.3	90	4.8	4.8	NE	2.41	11.3	NNE	5.7	6.3	5.7	---	1021.1	0.00	0.0	0	0.00	0	0.250	0.000	22.3	34	5.7	21.1	6.81	1.1937	0.00	697	1	100.0	30
06/03/22	4:00	6.3	6.4	6.3	91	5.0	6.4	NE	3.22	16.1	NE	5.1	6.4	5.2	---	1020.9	0.00	0.0	0	0.00	0	0.250	0.000	22.3	34	5.7	21.1	6.81	1.1935	0.00	696	1	100.0	30
06/03/22	4:30	6.3	6.3	6.3	91	4.9	6.4	NE	3.22	14.5	NE	5.1	6.3	5.1	---	1020.9	0.00	0.0	0	0.00	0	0.251	0.000	22.3	34	5.7	21.1	6.81	1.1934	0.00	690	1	100.0	30
06/03/22	5:00	6.3	6.3	6.2	91	4.9	6.4	NE	3.22	16.1	NNE	5.1	6.3	5.1	---	1021.1	0.00	0.0	0	0.00	0	0.251	0.000	22.3	34	5.7	21.1	6.81	1.1936	0.00	695	1	100.0	30
06/03/22	5:30	6.3	6.3	6.2	91	4.9	6.4	NE	3.22	14.5	NE	5.1	6.3	5.1	---	1021.3	0.00	0.0	0	0.00	0	0.251	0.000	22.3	34	5.7	21.1	6.81	1.1942	0.00	694	1	100.0	30
06/03/22	6:00	6.2	6.3	6.2	91	4.9	4.8	NE	2.41	12.9	NE	5.6	6.2	5.6	---	1021.4	0.00	0.0	0	0.00	0	0.252	0.000	22.3	34	5.7	21.1	6.81	1.1943	0.00	697	1	100.0	30
06/03/22	6:30	6.3	6.3	6.2	91	4.9	6.4	NE	3.22	14.5	ENE	5.1	6.3	5.1	---	1021.4	0.00	0.0	0	0.00	0	0.251	0.000	22.3	34	5.7	21.1	6.81	1.1943	0.00	693	1	100.0	30
06/03/22	7:00	6.2	6.3	6.2	91	4.9	4.8	NE	2.41	14.5	ENE	5.6	6.2	5.6	---	1021.5	0.00	0.0	0	0.00	0	0.252	0.000	22.3	34	5.7	21.1	6.81	1.1945	0.00	695	1	100.0	30
06/03/22	7:30	6.1	6.2	6.0	91	4.7	6.4	NE	3.22	14.5	NE	4.8	6.1	4.8	---	1021.8	0.00	0.0	1	0.04	9	0.256	0.000	22.2	34	5.6	20.9	6.81	1.1950	0.00	698	1	100.0	30
06/03/22	8:00	5.9	6.1	5.9	92	4.7	4.8	NE	2.41	12.9	ENE	5.2	5.9	5.2	---	1021.8	0.00	0.0	26	1.12	49	0.258	0.000	22.3	34	5.7	21.1	6.81	1.1948	0.00	699	1	100.0	30
06/03/22	8:30	6.5	6.5	5.9	91	5.1	4.8	NE	2.41	12.9	ENE	5.9	6.6	5.9	---	1022.3	0.00	0.0	82	3.53	107	0.247	0.000	22.3	34	5.7	21.1	6.81	1.1951	0.00	693	1	100.0	30
06/03/22	9:00	7.1	7.1	6.5	89	5.4	6.4	NE	3.22	16.1	NNE	5.9	7.1	6.0	---	1022.4	0.00	0.0	157	6.75	195	0.235	0.000	22.4	34	5.8	21.3	6.80	1.1947	0.05	695	1	100.0	30
06/03/22	9:30	7.7	7.8	7.1	86	5.5	6.4	NE	3.22	19.3	NE	6.7	7.7	6.7	---	1022.5	0.00	0.0	210	9.03	274	0.221	0.000	22.5	34	5.8	21.4	6.80	1.1945	0.00	695	1	100.0	30
06/03/22	10:00	7.8	7.8	7.7	85	5.4	4.8	ENE	2.41	14.5	ENE	7.3	7.8	7.3	---	1022.6	0.00	0.0	115	4.95	156	0.220	0.000	22.5	34	5.8	21.4	6.80	1.1947	0.08	697	1	100.0	30
06/03/22	10:30	7.8	7.8	7.7	83	5.1	6.4	NE	3.22	24.1	ENE	6.8	7.7	6.7	---	1022.7	0.00	0.0	90	3.87	139	0.220	0.000	22.4	34	5.8	21.3	6.80	1.1950	0.00	695	1	100.0	30
06/03/22	11:00	7.3	7.8	7.3	80	4.1	9.7	NE	4.83	30.6	ENE	5.5	7.2	5.4	---	1022.8	0.00	0.0	76	3.27	84	0.229	0.000	22.4	33	5.4	21.2	6.60	1.1955	0.05	696	1	100.0	30
06/03/22	11:30	6.9	7.3	6.9	77	3.2	9.7	NE	4.83	22.5	NE	5.1	6.8	4.9	---	1023.0	0.00	0.0	102	4.39	171	0.237	0.000	22.4	32	4.9	21.1	6.50	1.1962	0.00	694	1	100.0	30
06/03/22	12:00	7.1	7.1	6.7	75	3.0	9.7	ENE	4.83	27.4	ENE	5.3	6.9	5.1	---	1022.9	0.00	0.0	243	10.45	443	0.234	0.000	22.5	31	4.5	21.2	6.30	1.1960	0.10	695	1	100.0	30
06/03/22	12:30	7.1	7.3	6.9	74	2.8	8.0	NE	4.02	20.9	NE	5.6	6.9	5.4	---	1023.0	0.00	0.0	277	11.91	318	0.234	0.000	22.6	31	4.6	21.3	6.30	1.1958	0.00	694	1	100.0	30
06/03/22	13:00	7.1	7.4	7.1	73	2.6	8.0	NE	4.02	19.3	NE	5.6	6.9	5.4	---	1022.8	0.00	0.0	254	10.92	341	0.234	0.000	22.6	30	4.1	21.2	6.15	1.1959	0.15	699	1	100.0	30
06/03/22	13:30	7.6	7.6	7.1	71	2.6	8.0	NE	4.02	19.3	NE	6.1	7.3	5.8	---	1022.5	0.00	0.0	269	11.57	369	0.225	0.000	22.6	30	4.1	21.2	6.15	1.1955	0.00	696	1	100.0	30
06/03/22	14:00	8.6	8.6	7.5	68	3.0	8.0	NE	4.02	24.1	NE	7.3	8.2	7.0	---	1022.1	0.00	0.0	433	18.62	517	0.204	0.000	22.6	30	4.1	21.2	6.15	1.1951	0.20	696	1	100.0	30
06/03/22	14:30	9.2	9.2	8.6	64	2.7	8.0	NNE	4.02	20.9	NNE	8.1	8.8	7.7	---	1021.7	0.00	0.0	480	20.64	526	0.191	0.000	22.6	29	3.7	21.3	5.94	1.1947	0.00	692	1	100.0	30
06/03/22	15:00	10.3	10.3	9.2	58	2.4	8.0	NE	4.02	17.7	NNE	9.3	9.8	8.8	---	1021.4	0.00	0.0	468	20.13	503	0.168	0.000	22.7	29	3.8	21.4	5.93	1.1938	0.25	697	1	100.0	30
06/03/22	15:30	10.3	10.3	9.8	47	-0.5	8.0	ENE	4.02	27.4	ENE	9.4	9.6	8.6	---	1021.3	0.00	0.0	361	15.53	425	0.167	0.000	22.7	28	3.3	21.4	5.78	1.1940	0.00	689	1	100.0	30
06/03/22	16:00	10.1	10.4	10.0	49	-0.1	9.7	NE	4.83	22.5	NNE	8.8	9.4	8.2	---	1021.0	0.00	0.0	359	15.44	385	0.171	0.000	22.7	27	2.7	21.3	5.68	1.1940	0.23	697	1	100.0	30
06/03/22	16:30	10.1	10.2	9.9	50	0.1	8.0	NE	4.02	24.1	ENE	9.1	9.4	8.4	---	1020.9	0.00	0.0	277	11.91	369	0.171	0.000	22.7	27	2.7	21.3	5.68	1.1938	0.00	693	1	100.0	30
06/03/22	17:00	9.8	10.2	9.6	51	0.2	9.7	NE	4.83	27.4	NNE	8.5	9.2	7.8	---	1021.0	0.00	0.0	230	9.89	279	0.177	0.000	22.7	26	2.2	21.3	5.53	1.1943	0.18	698	1	100.0	30
06/03/22	17:30	9.2	9.8	9.2	53	0.1	9.7	ENE	4.83	24.1	ENE	7.7	8.6	7.1	---	1021.1	0.00	0.0	146	6.28	223	0.191	0.000	22.7	26	2.2	21.3	5.53	1.1944	0.00	693	1	100.0	30
06/03/22	18:00	8.5	9.2	8.5	51	-1.1	9.7	ENE	4.83	25.7	ENE	6.9	7.8	6.3	---	1021.5	0.00	0.0	71	3.05	105	0.205	0.000	22.7	26	2.2	21.2	5.54	1.1951	0.10	696	1	100.0	30
06/03/22	18:30	7.9	8.5	7.9	54	-0.9	6.4	E	3.22	17.7	NE	6.9	7.3	6.3	---	1021.8	0.00	0.0	27	1.16	40	0.218	0.000	22.6	25	1.5	20.9	5.39	1.1964	0.00	695	1	100.0	30
06/03/22	19:00	7.4	7.9	7.4	55	-1.1	4.8	ENE	2.41	16.1	ENE	6.9	6.8	6.3	---	1022.2	0.00	0.0	3	0.13	14	0.228	0.000	22.4	25	1.4	20.8	5.41	1.1973	0.03	699	1	100.0	30
06/03/22	19:30	7.0	7.4	6.9	56	-1.2	6.4	ENE	3.22	17.7	ENE	5.9	6.4	5.3	---	1022.4	0.00	0.0	0	0.00	0	0.236	0.000	22.4	25	1.4	20.7	5.41	1.1978	0.00	691	1	100.0	30
06/03/22	20:00	6.4	7.0	6.3	59	-1.0	4.8	ENE	2.41	14.5	ENE	5.7	5.9	5.3	---	1022.7	0.00	0.0	0	0.00	0	0.249	0.000	22.3	25	1.3	20.6	5.42	1.1984	0.03	695	1	100.0	30
06/03/22	20:30	5.8	6.4	5.8	61	-1.2	4.8	NE	2.41	12.9	ENE	5.1	5.3	4.6	---	1023.0	0.00	0.0	0	0.00	0	0.262	0.000	22.3	25	1.3	20.5	5.42	1.1990	0.00	695	1	100.0	30
06/03/22	21:00	5.3	5.8	5.3	61	-1.6	4.8	ENE	2.41	12.9	ENE	4.5	4.8	4.1	---	1023.2	0.00	0.0	0	0.00	0	0.272	0.000	22.2	25	1.2	20.4	5.43	1.1995	0.03	701	1	100.0	30
06/03/22	21:30	4.6	5.3	4.6	63	-1.9	4.8	NE	2.41	9.7	ENE	3.7	4.2	3.3	---	1023.3	0.00	0.0	0	0.00	0	0.287	0.000	22.2	24	0.6	20.3	5.27	1.2002	0.00	691	1	100.0	30
06/03/22	22:00	4.2	4.6	4.2	65	-1.8	4.8	NE	2.41	9.7	NE	3.3	3.8	2.9	---	1023.3	0.00	0.0	0	0.00	0	0.294	0.000	22.1	24	0.6	20.2	5.28	1.2005	0.03	695	1	100.0	30
06/03/22	22:30	3.8	4.2	3.8	66	-2.0	4.8	NE	2.41	12.9	ENE	2.8	3.4	2.4	---	1023.5	0.00	0.0	0	0.00	0	0.303	0.000	22.1	24	0.6	20.2	5.28	1.2007	0.00	697	1	100.0	30
06/03/22	23:00	3.4	3.8	3.4	67	-2.1	4.8	NE	2.41	11.3	E	2.4	3.1	2.0	---	1023.6	0.00	0.0	0	0.00	0	0.310	0.000	22.0	24	0.5	20.1	5.29	1.2013	0.03	694	1	100.0	30
06/03/22	23:30	3.1	3.4	3.1	69	-2.1	4.8	NE	2.41	11.3	ENE	1.9	2.7	1.6	---	1023.5	0.00	0.0	0	0.00	0	0.318	0.000	21.9	24	0.4	20.0	5.29	1.2015	0.00	692	1	100.0	30
07/03/22	00:00	2.8	3.1	2.8	69	-2.4	6.4	NE	3.22	11.3	ENE	1.1	2.4	0.7	---	1023.5	0.00	0.0	0	0.00	0	0.324	0.000	21.9	24	0.4	19.9	5.29	1.2017	0.00	702	1	100.0	30
07/03/22	0:30	2.4	2.8	2.4	71	-2.3	6.4	NE	3.22	14.5	NE	0.6	2.1	0.2	---	1023.2	0.00	0.0	0	0.00	0	0.332	0.000	21.8	24	0.3	19.8	5.30	1.2015	0.00	692	1	100.0	30
07/03/22	1:00	2.1	2.4	2.1	72	-2.5	6.4	NE	3.22	9.7	ENE	0.2	1.8	-0.1	---	1023.1	0.00	0.0	0	0.00	0	0.339	0.000	21.8	24	0.3	19.8	5.30	1.2015	0.00	696	1	100.0	30
07/03/22	1:30	1.7	2.1	1.7	73	-2.6	6.4	NE	3.22	14.5	ENE	-0.2	1.5	-0.4	---	1023.2	0.00	0.0	0	0.00	0	0.346	0.000	21.8	24	0.3	19.8	5.30	1.2015	0.00	695	1	100.0	30
07/03/22	2:00	1.5	1.8	1.5	74	-2.6	6.4	NE	3.22	12.9	ENE	-0.4	1.3	-0.7	---	1023.0	0.00	0.0	0	0.00	0	0.351	0.000	21.7	24	0.3	19.7	5.31	1.2019	0.00	692	1	100.0	30
07/03/22	2:30	1.3	1.6	1.3	75	-2.7	6.4	NE	3.22	14.5	NE	-0.7	1.0	-1.0	---	1022.9	0.00	0.0	0	0.00	0	0.355	0.000	21.7	24	0.3	19.7	5.31	1.2017	0.00	696	1	100.0	30
07/03/22	3:00	1.0	1.3	1.0	76	-2.8	6.4	NE	3.22	14.5	NE	-1.0	0.7	-1.3	---	1022.5	0.00	0.0	0	0.00	0	0.361	0.000	21.7	24	0.2	19.6	5.31	1.2015	0.00	688	1	100.0	30
07/03/22	3:30	0.8	1.0	0.8	77	-2.7	6.4	NE	3.22	16.1	NNE	-1.2	0.6	-1.4	---	1022.1	0.00	0.0	0	0.00	0	0.365	0.000	21.6	24	0.2	19.6	5.31	1.2013	0.00	695	1	100.0	30
07/03/22	4:00	0.6	0.8	0.6	78	-2.8	8.0	NE	4.02	17.7	NE	-2.0	0.4	-2.2	---	1021.9	0.00	0.0	0	0.00	0	0.369	0.000	21.6	24	0.1	19.4	5.32	1.2013	0.00	692	1	100.0	30
07/03/22	4:30	0.4	0.6	0.4	79	-2.8	8.0	NE	4.02	17.7	ENE	-2.3	0.2	-2.4	---	1021.8	0.00	0.0	0	0.00	0	0.374	0.000	21.6	24	0.1	19.4	5.32	1.2012	0.00	698	1	100.0	30
07/03/22	5:00	0.3	0.4	0.2	80	-2.8	8.0	NE	4.02	16.1	NE	-2.4	0.1	-2.6	---	1021.6	0.00	0.0	0	0.00	0	0.376	0.000	21.6	24	0.2	19.6	5.31	1.2007	0.00	692	1	100.0	30
07/03/22	5:30	0.1	0.3	0.0	81	-2.8	6.4	NE	3.22	14.5	ENE	-2.1	-0.1	-2.3	---	1021.7	0.00	0.0	0	0.00	0	0.381	0.000	21.6	24	0.2	19.6	5.31	1.2008	0.00	699	1	100.0	30
07/03/22	6:00	-0.2	0.1	-0.2	82	-2.9	6.4	NE	3.22	17.7	NE	-2.4	-0.3	-2.6	---	1021.6	0.00	0.0	0	0.00	0	0.385	0.000	21.6	24	0.2	19.6	5.31	1.2007	0.00	694	1	100.0	30
07/03/22	6:30	-0.4	-0.2	-0.4	83	-3.0	4.8	NE	2.41	14.5	NE	-2.0	-0.6	-2.1	---	1021.5	0.00	0.0	0	0.00	0	0.391	0.000	21.6	24	0.2	19.6	5.31	1.2006	0.00	700	1	100.0	30
07/03/22	7:00	-0.6	-0.4	-0.6	83	-3.1	4.8	NE	2.41	12.9	E	-2.2	-0.7	-2.3	---	1021.5	0.00	0.0	0	0.00	0	0.395	0.000	21.6	24	0.2	19.6	5.31	1.2006	0.00	690	1	100.0	30
07/03/22	7:30	-0.8	-0.6	-0.8	84	-3.1	4.8	NE	2.41	9.7	NE	-2.4	-0.9	-2.5	---	1021.4	0.00	0.0	2	0.09	9	0.398	0.000	21.6	24	0.1	19.4	5.32	1.2007	0.00	698	1	100.0	30
07/03/22	8:00	-0.6	-0.6	-0.8	83	-3.1	4.8	NE	2.41	12.9	ENE	-2.1	-0.7	-2.2	---	1021.4	0.00	0.0	21	0.90	37	0.394	0.000	21.6	24	0.2	19.6	5.31	1.2005	0.00	689	1	100.0	30
07/03/22	8:30	-0.1	-0.1	-0.6	82	-2.8	4.8	NE	2.41	14.5	NE	-1.6	-0.2	-1.7	---	1021.5	0.00	0.0	64	2.75	95	0.383	0.000	21.7	24	0.2	19.6	5.31	1.2003	0.00	694	1	100.0	30
07/03/22	9:00	0.8	0.8	-0.1	78	-2.6	4.8	ENE	2.41	20.9	ENE	-0.6	0.6	-0.8	---	1021.4	0.00	0.0	135	5.81	174	0.365	0.000	21.7	24	0.3	19.7	5.31	1.1999	0.03	692	1	100.0	30
07/03/22	9:30	1.5	1.5	0.8	74	-2.6	8.0	E	4.02	22.5	ESE	-1.0	1.3	-1.2	---	1021.1	0.00	0.0	216	9.29	257	0.351	0.000	21.9	24	0.4	20.0	5.29	1.1986	0.00	687	1	100.0	30
07/03/22	10:00	2.6	2.6	1.5	70	-2.4	8.0	ENE	4.02	27.4	E	0.3	2.2	-0.1	---	1021.0	0.00	0.0	292	12.56	329	0.329	0.000	22.4	25	1.4	20.7	5.41	1.1961	0.10	628	1	91.8	30
07/03/22	10:30	3.4	3.4	2.6	65	-2.5	9.7	E	4.83	22.5	ESE	0.9	3.1	0.5	---	1020.5	0.00	0.0	366	15.74	394	0.310	0.000	22.8	24	1.1	21.2	5.23	1.1942	0.00	603	1	88.2	30
07/03/22	11:00	4.4	4.4	3.5	59	-2.9	9.7	ENE	4.83	22.5	E	2.1	4.0	1.7	---	1020.2	0.00	0.0	423	18.19	454	0.289	0.000	23.0	24	1.3	21.5	5.21	1.1928	0.18	601	1	87.9	30
07/03/22	11:30	5.3	5.3	4.4	54	-3.2	11.3	E	5.63	30.6	ENE	2.8	4.8	2.2	---	1020.0	0.00	0.0	475	20.43	494	0.271	0.000	23.3	24	1.6	21.9	5.19	1.1913	0.00	675	1	98.7	30
